LowGoalPath
472
0.000 0.005 0.497 49.710 0.262 0.010 -0.115 1.226
0.000 0.010 0.497 -0.001 0.262 0.010 -0.115 1.226
0.000 0.022 1.243 74.561 0.262 0.010 -0.115 1.226
0.001 0.040 1.740 49.698 0.262 0.010 -0.114 1.226
0.001 0.062 2.237 49.682 0.262 0.010 -0.114 1.227
0.002 0.089 2.733 49.656 0.262 0.010 -0.113 1.227
0.003 0.122 3.229 49.618 0.262 0.010 -0.112 1.227
0.005 0.159 3.725 49.564 0.262 0.010 -0.110 1.228
0.007 0.201 4.220 49.493 0.262 0.010 -0.108 1.228
0.010 0.248 4.714 49.402 0.262 0.010 -0.106 1.229
0.013 0.300 5.207 49.289 0.262 0.010 -0.103 1.230
0.016 0.357 5.698 49.152 0.262 0.010 -0.099 1.230
0.020 0.419 6.188 48.987 0.262 0.010 -0.095 1.232
0.025 0.486 6.676 48.793 0.262 0.010 -0.091 1.233
0.031 0.558 7.162 48.569 0.262 0.010 -0.085 1.234
0.037 0.634 7.645 48.311 0.262 0.010 -0.079 1.236
0.044 0.715 8.125 48.017 0.262 0.010 -0.072 1.238
0.052 0.799 8.355 22.963 0.262 0.010 -0.065 1.240
0.061 0.882 8.334 -2.021 0.262 0.010 -0.056 1.242
0.071 0.965 8.312 -2.226 0.262 0.010 -0.047 1.245
0.081 1.048 8.288 -2.431 0.262 0.010 -0.037 1.247
0.093 1.131 8.262 -2.636 0.262 0.010 -0.026 1.250
0.105 1.213 8.233 -2.842 0.262 0.010 -0.014 1.253
0.118 1.295 8.203 -3.049 0.262 0.010 -0.001 1.257
0.131 1.377 8.170 -3.262 0.263 0.010 0.012 1.260
0.146 1.458 8.135 -3.478 0.263 0.010 0.026 1.264
0.161 1.539 8.098 -3.702 0.263 0.010 0.041 1.268
0.178 1.620 8.059 -3.936 0.263 0.010 0.056 1.272
0.195 1.700 8.017 -4.181 0.264 0.010 0.073 1.277
0.212 1.780 7.973 -4.441 0.264 0.010 0.090 1.281
0.231 1.859 7.925 -4.719 0.264 0.010 0.108 1.286
0.250 1.938 7.875 -5.019 0.265 0.010 0.127 1.291
0.270 2.016 7.822 -5.345 0.265 0.010 0.146 1.297
0.291 2.094 7.765 -5.703 0.266 0.010 0.166 1.302
0.313 2.171 7.704 -6.097 0.267 0.010 0.187 1.308
0.336 2.247 7.638 -6.534 0.267 0.010 0.209 1.314
0.359 2.323 7.568 -7.023 0.268 0.010 0.231 1.320
0.383 2.398 7.492 -7.571 0.269 0.010 0.255 1.326
0.408 2.472 7.411 -8.190 0.270 0.010 0.278 1.333
0.433 2.545 7.322 -8.891 0.271 0.010 0.303 1.340
0.459 2.617 7.225 -9.689 0.272 0.010 0.328 1.347
0.486 2.688 7.119 -10.600 0.274 0.010 0.354 1.354
0.514 2.758 7.002 -11.647 0.275 0.010 0.381 1.361
0.542 2.827 6.874 -12.853 0.277 0.010 0.408 1.369
0.571 2.894 6.731 -14.246 0.279 0.010 0.436 1.377
0.600 2.960 6.573 -15.869 0.280 0.010 0.464 1.385
0.631 3.024 6.395 -17.760 0.283 0.010 0.493 1.394
0.662 3.086 6.195 -19.978 0.285 0.010 0.523 1.402
0.693 3.146 5.969 -22.595 0.288 0.010 0.553 1.411
0.725 3.203 5.712 -25.696 0.290 0.010 0.584 1.420
0.758 3.257 5.418 -29.392 0.294 0.010 0.615 1.430
0.791 3.308 5.080 -33.830 0.297 0.010 0.646 1.439
0.824 3.355 4.688 -39.190 0.301 0.010 0.678 1.449
0.858 3.397 4.231 -45.716 0.305 0.010 0.711 1.459
0.893 3.434 3.694 -53.728 0.310 0.010 0.744 1.470
0.927 3.465 3.057 -63.651 0.315 0.010 0.777 1.480
0.962 3.488 2.297 -76.066 0.321 0.010 0.810 1.491
0.997 3.501 1.379 -91.767 0.327 0.010 0.843 1.502
1.032 3.504 0.260 -111.869 0.334 0.010 0.876 1.514
1.067 3.493 -1.119 -137.952 0.342 0.010 0.909 1.525
1.102 3.464 -2.842 -172.304 0.352 0.010 0.942 1.537
1.136 3.414 -5.026 -218.321 0.362 0.010 0.974 1.549
1.169 3.336 -7.837 -281.136 0.374 0.010 1.005 1.561
1.201 3.220 -11.524 -368.749 0.388 0.010 1.035 1.573
1.232 3.056 -16.464 -493.991 0.404 0.010 1.063 1.585
1.260 2.823 -23.246 -678.155 0.423 0.010 1.089 1.596
1.285 2.495 -32.826 -957.970 0.446 0.010 1.111 1.607
1.305 2.027 -46.822 -1399.679 0.474 0.010 1.129 1.616
1.319 1.346 -68.111 -2128.842 0.510 0.010 1.141 1.622
1.322 0.325 -102.080 -3396.938 0.556 0.010 1.144 1.623
1.335 1.270 94.494 19657.445 0.617 0.010 1.134 1.616
1.374 3.900 262.973 16847.867 0.705 0.010 1.103 1.592
1.459 8.512 461.247 19827.386 0.836 0.010 1.042 1.533
1.628 16.901 838.917 37767.041 1.048 0.010 0.943 1.396
1.929 30.098 1319.679 48076.129 1.385 0.010 0.839 1.113
2.312 38.281 818.253 -50142.529 1.802 0.010 0.848 0.731
2.602 29.070 -921.030 -173928.330 2.131 0.010 0.959 0.462
2.762 15.943 -1312.711 -39168.105 2.337 0.010 1.057 0.336
2.839 7.707 -823.611 48909.960 2.465 0.010 1.113 0.284
2.870 3.096 -461.095 36251.638 2.551 0.010 1.138 0.266
2.874 0.379 -271.689 18940.560 2.612 0.010 1.141 0.263
2.887 1.345 96.620 36830.976 2.658 0.010 1.130 0.270
2.912 2.517 117.128 2050.741 2.694 0.010 1.107 0.281
2.946 3.359 84.236 -3289.216 2.722 0.010 1.077 0.295
2.986 3.995 63.547 -2068.839 2.745 0.010 1.040 0.311
3.031 4.494 49.907 -1364.010 2.765 0.010 0.998 0.328
3.080 4.899 40.555 -935.227 2.781 0.010 0.953 0.346
3.132 5.238 33.930 -662.487 2.795 0.010 0.903 0.364
3.187 5.530 29.107 -482.239 2.807 0.010 0.851 0.382
3.245 5.785 25.516 -359.112 2.817 0.010 0.797 0.401
3.305 6.013 22.791 -272.531 2.826 0.010 0.739 0.420
3.368 6.220 20.690 -210.061 2.834 0.010 0.680 0.439
3.432 6.410 19.051 -163.925 2.841 0.010 0.619 0.458
3.498 6.588 17.760 -129.101 2.847 0.010 0.556 0.477
3.565 6.755 16.738 -102.265 2.852 0.010 0.491 0.497
3.634 6.914 15.926 -81.154 2.857 0.010 0.425 0.516
3.705 7.067 15.284 -64.188 2.861 0.010 0.357 0.536
3.777 7.215 14.782 -50.239 2.864 0.010 0.288 0.556
3.851 7.359 14.397 -38.478 2.867 0.010 0.217 0.576
3.926 7.500 14.114 -28.273 2.869 0.010 0.145 0.596
4.002 7.639 13.923 -19.131 2.871 0.010 0.071 0.617
4.080 7.777 13.817 -10.635 2.872 0.010 -0.004 0.637
4.159 7.915 13.792 -2.423 2.873 0.010 -0.080 0.659
4.240 8.054 13.851 5.856 2.873 0.010 -0.158 0.680
4.321 8.194 13.996 14.561 2.872 0.010 -0.237 0.702
4.405 8.336 14.237 24.097 2.871 0.010 -0.317 0.724
4.490 8.482 14.587 34.948 2.870 0.010 -0.399 0.747
4.576 8.633 15.064 47.732 2.868 0.010 -0.482 0.770
4.664 8.790 15.697 63.272 2.865 0.010 -0.566 0.794
4.753 8.955 16.524 82.707 2.861 0.010 -0.653 0.818
4.845 9.131 17.601 107.664 2.857 0.010 -0.740 0.844
4.938 9.321 19.006 140.536 2.852 0.010 -0.830 0.870
5.033 9.530 20.856 184.953 2.845 0.010 -0.921 0.898
5.131 9.763 23.322 246.595 2.837 0.010 -1.014 0.927
5.231 10.029 26.668 334.655 2.827 0.010 -1.110 0.957
5.335 10.343 31.314 464.604 2.816 0.010 -1.208 0.990
5.442 10.722 37.951 663.675 2.801 0.010 -1.309 1.025
5.554 11.200 47.775 982.413 2.783 0.010 -1.414 1.063
5.672 11.830 62.982 1520.745 2.759 0.010 -1.525 1.106
5.799 12.709 87.904 2492.171 2.728 0.010 -1.642 1.155
5.939 14.028 131.893 4398.881 2.686 0.010 -1.769 1.214
6.102 16.204 217.642 8574.890 2.623 0.010 -1.912 1.290
6.304 20.295 409.116 19147.384 2.523 0.010 -2.084 1.398
6.599 29.498 920.287 51117.126 2.337 0.010 -2.308 1.590
7.135 53.583 2408.450 148816.333 1.922 0.010 -2.594 2.043
7.957 82.190 2860.786 45233.595 1.226 0.010 -2.597 2.865
8.505 54.749 -2744.099 -560488.488 0.801 0.010 -2.305 3.328
8.808 30.297 -2445.228 29887.016 0.610 0.010 -2.073 3.524
9.018 21.042 -925.562 151966.625 0.508 0.010 -1.895 3.635
9.188 17.037 -400.492 52507.026 0.444 0.010 -1.743 3.713
9.338 14.990 -204.704 19578.782 0.401 0.010 -1.607 3.774
9.476 13.816 -117.383 8732.122 0.369 0.010 -1.478 3.826
9.607 13.088 -72.750 4463.272 0.345 0.010 -1.356 3.872
9.733 12.613 -47.566 2518.445 0.326 0.010 -1.237 3.913
9.856 12.290 -32.284 1528.155 0.311 0.010 -1.120 3.951
9.977 12.065 -22.500 978.428 0.299 0.010 -1.005 3.988
10.096 11.905 -15.988 651.180 0.289 0.010 -0.891 4.022
10.214 11.789 -11.545 444.341 0.281 0.010 -0.778 4.055
10.331 11.705 -8.484 306.118 0.274 0.010 -0.665 4.087
10.447 11.641 -6.401 208.280 0.270 0.010 -0.553 4.119
10.563 11.590 -5.058 134.301 0.266 0.010 -0.441 4.149
10.679 11.547 -4.322 73.618 0.263 0.010 -0.330 4.179
10.794 11.503 -4.386 -6.446 0.262 0.010 -0.219 4.209
10.900 10.609 -89.348 -8496.185 0.270 0.010 -0.116 4.237
10.931 3.096 -751.312 -66196.410 0.349 0.010 -0.087 4.245
10.993 6.177 308.062 105937.437 0.516 0.010 -0.142 4.219
11.140 14.716 853.887 54582.412 0.765 0.010 -0.260 4.130
11.302 16.261 154.560 -69932.628 1.028 0.010 -0.362 4.004
11.395 9.225 -703.663 -85822.299 1.226 0.010 -0.402 3.921
11.398 0.315 -890.942 -18727.878 1.340 0.010 -0.404 3.918
11.468 7.065 674.985 156592.678 1.385 0.010 -0.390 3.987
11.603 13.425 635.932 -3905.374 1.370 0.010 -0.364 4.119
11.805 20.204 677.941 4200.998 1.292 0.010 -0.317 4.315
12.091 28.655 845.081 16713.988 1.134 0.010 -0.218 4.584
12.469 37.760 910.495 6541.350 0.891 0.010 -0.018 4.905
12.878 40.952 319.195 -59130.018 0.617 0.010 0.280 5.185
13.222 34.384 -656.748 -97594.304 0.405 0.010 0.581 5.352
13.466 24.363 -1002.097 -34534.824 0.289 0.010 0.810 5.434
15.591 212.560 18819.645 1982174.152 3.402 0.010 1.445 3.406
15.746 15.496 -19706.396 -3852604.076 3.369 0.010 1.295 3.368
15.969 22.302 680.646 2038704.186 3.272 0.010 1.075 3.327
16.386 41.678 1937.548 125690.246 2.991 0.010 0.659 3.328
17.432 104.592 6291.432 435388.301 2.085 0.010 -0.207 3.916
18.183 75.129 -2946.274 -923770.559 1.480 0.010 -0.357 4.652
18.488 30.425 -4470.405 -152413.085 1.306 0.010 -0.301 4.951
18.676 18.819 -1160.626 330977.856 1.242 0.010 -0.245 5.131
18.814 13.848 -497.065 66356.176 1.224 0.010 -0.199 5.261
18.916 10.118 -373.066 12399.858 1.242 0.010 -0.165 5.357
18.967 5.119 -499.897 -12683.121 1.307 0.010 -0.150 5.405
19.033 6.633 151.412 65130.922 1.482 0.010 -0.160 5.340
19.555 52.217 4558.470 440705.802 2.094 0.010 -0.039 4.832
20.366 81.034 2881.662 -167680.842 2.996 0.010 0.627 4.370
20.540 17.452 -6358.232 -923989.330 3.273 0.010 0.801 4.366
20.558 1.776 -1567.606 479062.570 3.370 0.010 0.784 4.362
20.643 8.546 677.076 224468.180 3.402 0.010 0.701 4.341
22.769 212.598 20405.136 1972805.978 0.262 0.010 0.213 6.410
22.890 12.048 -20055.026 -4046016.203 0.261 0.010 0.330 6.441
23.011 12.085 3.705 2005873.119 0.260 0.010 0.447 6.472
23.132 12.121 3.665 -3.922 0.259 0.010 0.564 6.503
23.253 12.158 3.644 -2.187 0.258 0.010 0.681 6.535
23.375 12.194 3.638 -0.517 0.256 0.010 0.799 6.566
23.498 12.231 3.650 1.107 0.254 0.010 0.918 6.596
23.620 12.267 3.677 2.706 0.251 0.010 1.036 6.627
23.743 12.305 3.720 4.294 0.248 0.010 1.156 6.657
23.867 12.342 3.778 5.894 0.245 0.010 1.275 6.688
23.991 12.381 3.854 7.514 0.242 0.010 1.395 6.717
24.115 12.420 3.945 9.179 0.238 0.010 1.516 6.747
24.239 12.461 4.054 10.901 0.233 0.010 1.637 6.776
24.364 12.503 4.181 12.695 0.229 0.010 1.759 6.805
24.490 12.546 4.327 14.581 0.223 0.010 1.881 6.833
24.616 12.591 4.493 16.580 0.218 0.010 2.004 6.860
24.742 12.638 4.680 18.701 0.212 0.010 2.127 6.887
24.869 12.687 4.890 20.976 0.205 0.010 2.252 6.914
24.996 12.738 5.124 23.420 0.199 0.010 2.376 6.939
25.124 12.792 5.384 26.052 0.191 0.010 2.502 6.964
25.253 12.848 5.674 28.908 0.183 0.010 2.628 6.988
25.382 12.908 5.994 32.000 0.175 0.010 2.755 7.011
25.512 12.972 6.347 35.365 0.165 0.010 2.883 7.033
25.642 13.039 6.737 39.024 0.156 0.010 3.012 7.054
25.773 13.111 7.168 43.011 0.145 0.010 3.141 7.073
25.905 13.187 7.641 47.348 0.134 0.010 3.272 7.092
26.038 13.269 8.162 52.058 0.122 0.010 3.404 7.109
26.171 13.356 8.733 57.169 0.109 0.010 3.536 7.124
26.306 13.450 9.360 62.686 0.096 0.010 3.670 7.138
26.441 13.550 10.046 68.616 0.081 0.010 3.805 7.150
26.578 13.658 10.796 74.934 0.065 0.010 3.941 7.160
26.716 13.774 11.612 81.605 0.049 0.010 4.079 7.168
26.855 13.899 12.497 88.543 0.031 0.010 4.218 7.173
26.995 14.034 13.453 95.609 0.012 0.010 4.358 7.176
27.137 14.179 14.479 102.612 6.274 0.010 4.500 7.176
27.280 14.334 15.572 109.237 6.252 0.010 4.643 7.173
27.425 14.502 16.722 115.074 6.229 0.010 4.788 7.167
27.572 14.681 17.918 119.525 6.204 0.010 4.934 7.157
27.721 14.872 19.136 121.840 6.177 0.010 5.082 7.144
27.871 15.076 20.346 121.007 6.148 0.010 5.232 7.125
28.024 15.291 21.504 115.801 6.117 0.010 5.383 7.103
28.179 15.516 22.552 104.751 6.084 0.010 5.536 7.074
28.337 15.750 23.414 86.207 6.048 0.010 5.690 7.040
28.497 15.990 23.999 58.493 6.011 0.010 5.844 7.000
28.659 16.232 24.200 20.094 5.971 0.010 6.000 6.953
28.824 16.471 23.900 -29.945 5.929 0.010 6.155 6.900
28.991 16.701 22.984 -91.603 5.884 0.010 6.311 6.838
29.160 16.915 21.351 -163.357 5.838 0.010 6.465 6.769
29.331 17.104 18.933 -241.803 5.790 0.010 6.618 6.692
29.504 17.261 15.718 -321.492 5.741 0.010 6.768 6.606
29.677 17.379 11.765 -395.301 5.690 0.010 6.914 6.513
29.852 17.451 7.211 -455.324 5.639 0.010 7.056 6.412
30.027 17.474 2.269 -494.280 5.587 0.010 7.193 6.303
30.201 17.446 -2.802 -507.050 5.536 0.010 7.324 6.188
30.375 17.368 -7.721 -491.887 5.485 0.010 7.449 6.067
30.547 17.246 -12.229 -450.846 5.436 0.010 7.566 5.940
30.718 17.085 -16.122 -389.278 5.388 0.010 7.676 5.809
30.887 16.892 -19.268 -314.579 5.342 0.010 7.779 5.675
31.054 16.676 -21.614 -234.639 5.298 0.010 7.874 5.538
31.218 16.444 -23.179 -156.479 5.256 0.010 7.962 5.399
31.380 16.204 -24.033 -85.384 5.217 0.010 8.043 5.259
31.540 15.961 -24.279 -24.589 5.179 0.010 8.117 5.118
31.697 15.721 -24.034 24.514 5.144 0.010 8.185 4.976
31.852 15.487 -23.413 62.012 5.111 0.010 8.248 4.835
32.005 15.261 -22.524 88.927 5.081 0.010 8.305 4.693
32.155 15.047 -21.456 106.791 5.052 0.010 8.357 4.552
32.304 14.844 -20.283 117.300 5.025 0.010 8.405 4.411
32.450 14.653 -19.062 122.090 5.000 0.010 8.448 4.271
32.595 14.475 -17.836 122.615 4.977 0.010 8.488 4.132
32.738 14.309 -16.635 120.087 4.955 0.010 8.523 3.993
32.879 14.154 -15.480 115.494 4.935 0.010 8.556 3.856
33.020 14.010 -14.385 109.575 4.916 0.010 8.586 3.719
33.158 13.876 -13.356 102.913 4.898 0.010 8.613 3.583
33.296 13.752 -12.397 95.907 4.882 0.010 8.637 3.447
33.432 13.637 -11.508 88.864 4.867 0.010 8.659 3.313
33.567 13.530 -10.688 81.967 4.852 0.010 8.679 3.179
33.702 13.431 -9.935 75.356 4.839 0.010 8.696 3.046
33.835 13.339 -9.244 69.103 4.826 0.010 8.712 2.913
33.968 13.253 -8.611 63.256 4.814 0.010 8.727 2.782
34.099 13.172 -8.033 57.821 4.803 0.010 8.739 2.650
34.230 13.097 -7.505 52.811 4.793 0.010 8.751 2.520
34.361 13.027 -7.023 48.197 4.783 0.010 8.760 2.390
34.490 12.961 -6.583 43.973 4.774 0.010 8.769 2.261
34.619 12.899 -6.182 40.104 4.766 0.010 8.776 2.132
34.748 12.841 -5.816 36.570 4.758 0.010 8.783 2.004
34.876 12.786 -5.483 33.343 4.750 0.010 8.788 1.876
35.003 12.735 -5.179 30.395 4.743 0.010 8.792 1.749
35.130 12.686 -4.902 27.703 4.737 0.010 8.796 1.622
35.256 12.639 -4.649 25.241 4.731 0.010 8.799 1.496
35.382 12.595 -4.420 22.988 4.725 0.010 8.801 1.370
35.508 12.553 -4.210 20.924 4.720 0.010 8.802 1.244
35.633 12.513 -4.020 19.027 4.715 0.010 8.803 1.119
35.757 12.474 -3.847 17.285 4.711 0.010 8.803 0.994
35.882 12.437 -3.690 15.677 4.707 0.010 8.802 0.870
36.006 12.402 -3.549 14.189 4.703 0.010 8.801 0.746
36.130 12.367 -3.420 12.813 4.700 0.010 8.800 0.622
36.253 12.334 -3.305 11.531 4.696 0.010 8.798 0.499
36.376 12.302 -3.202 10.335 4.694 0.010 8.796 0.376
36.499 12.271 -3.110 9.215 4.691 0.010 8.794 0.253
36.621 12.241 -3.028 8.163 4.689 0.010 8.791 0.131
36.743 12.211 -2.956 7.167 4.687 0.010 8.788 0.009
36.865 12.183 -2.894 6.224 4.685 0.010 8.785 -0.113
36.987 12.154 -2.841 5.322 4.684 0.010 8.781 -0.235
37.108 12.126 -2.796 4.459 4.682 0.010 8.778 -0.356
37.229 12.099 -2.760 3.625 4.681 0.010 8.774 -0.477
37.349 12.071 -2.732 2.817 4.681 0.010 8.770 -0.597
37.470 12.044 -2.712 2.028 4.680 0.010 8.766 -0.718
37.590 12.017 -2.699 1.252 4.680 0.010 8.762 -0.838
37.710 11.990 -2.694 0.485 4.680 0.010 8.759 -0.958
37.830 11.963 -2.697 -0.279 4.681 0.010 8.755 -1.077
37.949 11.936 -2.707 -1.045 4.681 0.010 8.751 -1.197
38.068 11.909 -2.726 -1.818 4.682 0.010 8.747 -1.316
38.187 11.881 -2.752 -2.603 4.683 0.010 8.744 -1.434
38.305 11.854 -2.786 -3.406 4.685 0.010 8.740 -1.553
38.424 11.825 -2.828 -4.232 4.686 0.010 8.737 -1.671
38.542 11.796 -2.879 -5.086 4.688 0.010 8.734 -1.789
38.659 11.767 -2.939 -5.977 4.690 0.010 8.732 -1.907
38.777 11.737 -3.008 -6.909 4.693 0.010 8.729 -2.024
38.894 11.706 -3.087 -7.890 4.696 0.010 8.727 -2.141
39.010 11.674 -3.176 -8.925 4.699 0.010 8.725 -2.258
39.127 11.642 -3.276 -10.027 4.702 0.010 8.724 -2.374
39.243 11.608 -3.388 -11.202 4.706 0.010 8.723 -2.490
39.359 11.573 -3.513 -12.458 4.710 0.010 8.722 -2.606
39.474 11.536 -3.651 -13.810 4.714 0.010 8.722 -2.721
39.589 11.498 -3.804 -15.265 4.719 0.010 8.723 -2.836
39.704 11.458 -3.972 -16.841 4.724 0.010 8.724 -2.951
39.818 11.417 -4.157 -18.545 4.729 0.010 8.725 -3.065
39.932 11.373 -4.361 -20.398 4.735 0.010 8.728 -3.179
40.045 11.327 -4.586 -22.417 4.742 0.010 8.731 -3.292
40.158 11.279 -4.832 -24.618 4.748 0.010 8.734 -3.405
40.270 11.228 -5.102 -27.021 4.756 0.010 8.739 -3.517
40.382 11.174 -5.398 -29.650 4.764 0.010 8.744 -3.629
40.493 11.117 -5.724 -32.527 4.772 0.010 8.750 -3.740
40.603 11.056 -6.080 -35.677 4.781 0.010 8.757 -3.850
40.713 10.991 -6.472 -39.128 4.790 0.010 8.765 -3.959
40.822 10.922 -6.901 -42.903 4.800 0.010 8.774 -4.068
40.931 10.848 -7.371 -47.035 4.811 0.010 8.784 -4.176
41.039 10.767 -8.101 -73.029 4.823 0.010 8.796 -4.283
41.145 10.677 -9.094 -99.276 4.835 0.010 8.808 -4.389
41.251 10.575 -10.131 -103.708 4.848 0.010 8.822 -4.494
41.356 10.463 -11.206 -107.520 4.862 0.010 8.837 -4.598
41.459 10.340 -12.320 -111.391 4.877 0.010 8.853 -4.700
41.561 10.205 -13.473 -115.236 4.894 0.010 8.870 -4.801
41.662 10.059 -14.662 -118.934 4.911 0.010 8.889 -4.899
41.761 9.900 -15.885 -122.319 4.929 0.010 8.910 -4.996
41.858 9.728 -17.137 -125.176 4.948 0.010 8.931 -5.091
41.954 9.544 -18.409 -127.224 4.969 0.010 8.955 -5.184
42.047 9.347 -19.690 -128.106 4.991 0.010 8.979 -5.274
42.138 9.138 -20.964 -127.383 5.015 0.010 9.006 -5.361
42.228 8.916 -22.209 -124.525 5.040 0.010 9.033 -5.446
42.314 8.682 -23.399 -118.917 5.067 0.010 9.062 -5.528
42.399 8.437 -24.497 -109.870 5.095 0.010 9.093 -5.607
42.481 8.182 -25.464 -96.664 5.125 0.010 9.124 -5.682
42.560 7.920 -26.250 -78.601 5.157 0.010 9.157 -5.754
42.636 7.653 -26.639 -38.910 5.190 0.010 9.191 -5.823
42.710 7.387 -26.591 4.831 5.225 0.010 9.226 -5.888
42.781 7.125 -26.224 36.709 5.262 0.010 9.262 -5.949
42.850 6.870 -25.489 73.450 5.300 0.010 9.299 -6.007
42.916 6.627 -24.342 114.735 5.340 0.010 9.337 -6.061
42.980 6.399 -22.752 158.938 5.381 0.010 9.376 -6.112
43.042 6.192 -20.715 203.697 5.424 0.010 9.415 -6.160
43.102 6.009 -18.255 246.023 5.467 0.010 9.455 -6.205
43.161 5.855 -15.429 282.589 5.511 0.010 9.496 -6.247
43.218 5.732 -12.328 310.148 5.555 0.010 9.538 -6.286
43.275 5.641 -9.067 326.035 5.600 0.010 9.581 -6.322
43.330 5.583 -5.781 328.624 5.644 0.010 9.625 -6.357
43.386 5.557 -2.605 317.631 5.687 0.010 9.671 -6.389
43.442 5.561 0.337 294.163 5.730 0.010 9.717 -6.419
43.498 5.590 2.942 260.520 5.772 0.010 9.766 -6.447
43.554 5.642 5.140 219.779 5.812 0.010 9.815 -6.474
43.611 5.710 6.893 175.301 5.851 0.010 9.867 -6.499
43.669 5.792 8.195 130.263 5.888 0.010 9.920 -6.522
43.728 5.883 9.068 87.314 5.924 0.010 9.974 -6.544
43.788 5.979 9.552 48.387 5.958 0.010 10.031 -6.564
43.848 6.076 9.699 14.664 5.990 0.010 10.089 -6.582
43.910 6.171 9.566 -13.336 6.021 0.010 10.148 -6.599
43.973 6.263 9.209 -35.627 6.050 0.010 10.209 -6.615
44.036 6.350 8.683 -52.593 6.077 0.010 10.271 -6.628
44.101 6.431 8.035 -64.837 6.103 0.010 10.334 -6.641
44.166 6.504 7.304 -73.059 6.127 0.010 10.398 -6.652
44.231 6.569 6.525 -77.983 6.150 0.010 10.463 -6.661
44.298 6.626 5.722 -80.276 6.172 0.010 10.529 -6.669
44.364 6.675 4.916 -80.547 6.192 0.010 10.595 -6.676
44.431 6.716 4.123 -79.304 6.211 0.010 10.662 -6.681
44.499 6.750 3.354 -76.971 6.229 0.010 10.729 -6.686
44.567 6.776 2.615 -73.892 6.246 0.010 10.797 -6.689
44.635 6.795 1.911 -70.335 6.262 0.010 10.865 -6.691
44.703 6.808 1.246 -66.506 6.277 0.010 10.933 -6.691
44.771 6.814 0.621 -62.561 0.008 0.010 11.001 -6.691
44.839 6.814 0.035 -58.610 0.022 0.010 11.069 -6.690
44.907 6.809 -0.513 -54.742 0.035 0.010 11.137 -6.688
44.975 6.799 -1.023 -51.003 0.047 0.010 11.205 -6.686
45.043 6.784 -1.497 -47.437 0.058 0.010 11.273 -6.682
45.111 6.765 -1.938 -44.065 0.069 0.010 11.341 -6.678
45.178 6.741 -2.347 -40.894 0.079 0.010 11.408 -6.673
45.245 6.714 -2.726 -37.932 0.088 0.010 11.475 -6.667
45.312 6.683 -3.078 -35.175 0.098 0.010 11.541 -6.661
45.378 6.649 -3.404 -32.615 0.106 0.010 11.607 -6.654
45.445 6.612 -3.706 -30.247 0.114 0.010 11.673 -6.647
45.510 6.572 -3.987 -28.061 0.122 0.010 11.738 -6.639
45.576 6.530 -4.247 -26.039 0.129 0.010 11.803 -6.631
45.640 6.485 -4.489 -24.183 0.136 0.010 11.867 -6.622
45.705 6.438 -4.714 -22.466 0.143 0.010 11.931 -6.613
45.769 6.388 -4.923 -20.892 0.149 0.010 11.994 -6.604
45.832 6.337 -5.117 -19.441 0.155 0.010 12.057 -6.595
45.895 6.284 -5.298 -18.103 0.161 0.010 12.119 -6.585
45.957 6.230 -5.467 -16.878 0.167 0.010 12.181 -6.574
46.019 6.173 -5.625 -15.744 0.172 0.010 12.241 -6.564
46.080 6.116 -5.772 -14.705 0.177 0.010 12.302 -6.553
46.141 6.056 -5.909 -13.744 0.181 0.010 12.361 -6.543
46.201 5.996 -6.038 -12.861 0.186 0.010 12.420 -6.532
46.260 5.935 -6.158 -12.046 0.190 0.010 12.479 -6.521
46.319 5.872 -6.271 -11.294 0.194 0.010 12.536 -6.509
46.377 5.808 -6.377 -10.600 0.198 0.010 12.593 -6.498
46.434 5.743 -6.477 -9.960 0.201 0.010 12.649 -6.487
46.491 5.678 -6.570 -9.367 0.205 0.010 12.705 -6.475
46.547 5.611 -6.659 -8.820 0.208 0.010 12.760 -6.464
46.603 5.544 -6.742 -8.314 0.211 0.010 12.814 -6.452
46.657 5.475 -6.820 -7.844 0.214 0.010 12.868 -6.441
46.711 5.406 -6.894 -7.409 0.217 0.010 12.920 -6.429
46.765 5.337 -6.964 -7.007 0.220 0.010 12.973 -6.418
46.817 5.266 -7.031 -6.632 0.222 0.010 13.024 -6.406
46.869 5.196 -7.093 -6.288 0.225 0.010 13.075 -6.395
46.921 5.124 -7.153 -5.961 0.227 0.010 13.125 -6.383
46.971 5.052 -7.210 -5.664 0.229 0.010 13.174 -6.372
47.021 4.979 -7.264 -5.384 0.231 0.010 13.222 -6.360
47.070 4.906 -7.315 -5.124 0.233 0.010 13.270 -6.349
47.118 4.832 -7.364 -4.882 0.235 0.010 13.317 -6.338
47.166 4.758 -7.410 -4.658 0.237 0.010 13.363 -6.327
47.213 4.684 -7.455 -4.446 0.239 0.010 13.409 -6.316
47.259 4.609 -7.497 -4.249 0.240 0.010 13.454 -6.305
47.304 4.534 -7.538 -4.066 0.242 0.010 13.498 -6.294
47.349 4.458 -7.577 -3.894 0.243 0.010 13.541 -6.283
47.393 4.382 -7.614 -3.733 0.244 0.010 13.583 -6.273
47.436 4.305 -7.650 -3.583 0.246 0.010 13.625 -6.262
47.478 4.228 -7.684 -3.439 0.247 0.010 13.666 -6.252
47.519 4.151 -7.717 -3.308 0.248 0.010 13.706 -6.242
47.560 4.074 -7.749 -3.182 0.249 0.010 13.746 -6.232
47.600 3.996 -7.780 -3.064 0.250 0.010 13.785 -6.222
47.639 3.918 -7.809 -2.952 0.251 0.010 13.823 -6.212
47.678 3.839 -7.838 -2.849 0.252 0.010 13.860 -6.202
47.715 3.761 -7.865 -2.749 0.253 0.010 13.896 -6.193
47.752 3.682 -7.892 -2.655 0.253 0.010 13.932 -6.184
47.788 3.603 -7.918 -2.566 0.254 0.010 13.967 -6.175
47.823 3.523 -7.942 -2.481 0.255 0.010 14.001 -6.166
47.858 3.443 -7.966 -2.401 0.255 0.010 14.034 -6.157
47.891 3.364 -7.990 -2.323 0.256 0.010 14.067 -6.149
47.924 3.283 -8.012 -2.250 0.257 0.010 14.098 -6.140
47.956 3.203 -8.034 -2.180 0.257 0.010 14.129 -6.132
47.987 3.123 -8.055 -2.112 0.258 0.010 14.160 -6.124
48.018 3.042 -8.075 -2.046 0.258 0.010 14.189 -6.117
48.047 2.961 -8.095 -1.984 0.258 0.010 14.218 -6.109
48.076 2.880 -8.115 -1.922 0.259 0.010 14.245 -6.102
48.104 2.798 -8.133 -1.862 0.259 0.010 14.273 -6.095
48.131 2.717 -8.151 -1.805 0.259 0.010 14.299 -6.088
48.158 2.635 -8.169 -1.747 0.260 0.010 14.324 -6.081
48.183 2.553 -8.186 -1.693 0.260 0.010 14.349 -6.074
48.208 2.471 -8.202 -1.638 0.260 0.010 14.373 -6.068
48.232 2.389 -8.218 -1.584 0.260 0.010 14.396 -6.062
48.255 2.307 -8.233 -1.531 0.261 0.010 14.418 -6.056
48.277 2.224 -8.248 -1.479 0.261 0.010 14.440 -6.050
48.299 2.142 -8.262 -1.427 0.261 0.010 14.460 -6.045
48.319 2.059 -8.276 -1.375 0.261 0.010 14.480 -6.039
48.339 1.976 -8.289 -1.324 0.261 0.010 14.499 -6.034
48.358 1.893 -8.302 -1.273 0.261 0.010 14.518 -6.029
48.376 1.810 -8.314 -1.221 0.261 0.010 14.535 -6.025
48.393 1.727 -8.326 -1.170 0.261 0.010 14.552 -6.020
48.410 1.643 -8.337 -1.119 0.261 0.010 14.568 -6.016
48.425 1.560 -8.348 -1.067 0.262 0.010 14.583 -6.012
48.440 1.476 -8.358 -1.015 0.262 0.010 14.597 -6.008
48.454 1.393 -8.367 -0.963 0.262 0.010 14.610 -6.004
48.467 1.309 -8.377 -0.911 0.262 0.010 14.623 -6.001
48.479 1.225 -8.385 -0.858 0.262 0.010 14.635 -5.998
48.491 1.141 -8.393 -0.805 0.262 0.010 14.646 -5.995
48.501 1.057 -8.401 -0.752 0.262 0.010 14.656 -5.992
48.511 0.973 -8.408 -0.698 0.262 0.010 14.666 -5.990
48.520 0.889 -8.414 -0.644 0.262 0.010 14.674 -5.987
48.528 0.805 -8.420 -0.589 0.262 0.010 14.682 -5.985
48.535 0.720 -8.425 -0.535 0.262 0.010 14.689 -5.983
48.542 0.638 -8.190 23.538 0.262 0.010 14.695 -5.982
48.547 0.561 -7.706 48.446 0.262 0.010 14.700 -5.980
48.552 0.489 -7.212 49.341 0.262 0.010 14.705 -5.979
48.556 0.422 -6.718 49.409 0.262 0.010 14.709 -5.978
48.560 0.360 -6.223 49.468 0.262 0.010 14.713 -5.977
48.563 0.303 -5.728 49.520 0.262 0.010 14.716 -5.976
48.565 0.250 -5.233 49.563 0.262 0.010 14.718 -5.976
48.567 0.203 -4.737 49.599 0.262 0.010 14.720 -5.975
48.569 0.160 -4.240 49.629 0.262 0.010 14.722 -5.975
48.570 0.123 -3.744 49.653 0.262 0.010 14.723 -5.974
48.571 0.091 -3.247 49.672 0.262 0.010 14.724 -5.974
48.572 0.063 -2.750 49.686 0.262 0.010 14.724 -5.974
48.572 0.041 -2.253 49.696 0.262 0.010 14.725 -5.974
48.572 0.023 -1.756 49.703 0.262 0.010 14.725 -5.974
48.573 0.010 -1.259 49.707 0.262 0.010 14.725 -5.974
48.573 0.003 -0.762 49.709 0.262 0.010 14.725 -5.974
48.573 0.000 -0.265 49.710 0.262 0.010 14.725 -5.974
48.573 0.000 -0.008 25.672 0.262 0.010 14.725 -5.974
0.000 0.005 0.497 49.710 0.262 0.010 0.435 -0.826
0.000 0.010 0.497 0.001 0.262 0.010 0.435 -0.826
0.000 0.022 1.243 74.569 0.262 0.010 0.435 -0.826
0.001 0.040 1.740 49.722 0.262 0.010 0.436 -0.826
0.001 0.062 2.237 49.738 0.262 0.010 0.436 -0.826
0.002 0.089 2.735 49.764 0.262 0.010 0.437 -0.826
0.003 0.122 3.233 49.802 0.262 0.010 0.438 -0.825
0.005 0.159 3.732 49.856 0.262 0.010 0.440 -0.825
0.007 0.201 4.231 49.927 0.262 0.010 0.442 -0.824
0.010 0.249 4.731 50.018 0.262 0.010 0.444 -0.824
0.013 0.301 5.232 50.131 0.262 0.010 0.447 -0.823
0.016 0.358 5.735 50.269 0.262 0.010 0.451 -0.822
0.020 0.421 6.239 50.433 0.262 0.010 0.455 -0.821
0.025 0.488 6.746 50.627 0.262 0.010 0.459 -0.820
0.031 0.561 7.254 50.851 0.262 0.010 0.465 -0.818
0.037 0.638 7.765 51.109 0.262 0.010 0.471 -0.817
0.044 0.721 8.279 51.403 0.262 0.010 0.478 -0.815
0.053 0.807 8.547 26.747 0.262 0.010 0.486 -0.813
0.061 0.892 8.567 2.021 0.262 0.010 0.494 -0.810
0.071 0.978 8.589 2.226 0.262 0.010 0.504 -0.808
0.082 1.064 8.614 2.431 0.262 0.010 0.514 -0.805
0.093 1.151 8.640 2.636 0.262 0.010 0.525 -0.802
0.106 1.238 8.668 2.841 0.262 0.010 0.537 -0.799
0.119 1.325 8.699 3.050 0.262 0.010 0.550 -0.795
0.133 1.412 8.731 3.261 0.263 0.010 0.564 -0.792
0.148 1.499 8.766 3.478 0.263 0.010 0.578 -0.788
0.164 1.588 8.803 3.702 0.263 0.010 0.593 -0.784
0.181 1.676 8.843 3.936 0.263 0.010 0.610 -0.779
0.198 1.765 8.884 4.181 0.264 0.010 0.627 -0.775
0.217 1.854 8.929 4.441 0.264 0.010 0.645 -0.770
0.236 1.944 8.976 4.719 0.264 0.010 0.663 -0.765
0.257 2.034 9.026 5.019 0.265 0.010 0.683 -0.760
0.278 2.125 9.080 5.345 0.265 0.010 0.703 -0.754
0.300 2.216 9.137 5.703 0.266 0.010 0.725 -0.748
0.323 2.308 9.198 6.097 0.267 0.010 0.747 -0.742
0.347 2.401 9.263 6.535 0.267 0.010 0.770 -0.736
0.372 2.494 9.333 7.023 0.268 0.010 0.794 -0.729
0.398 2.588 9.409 7.571 0.269 0.010 0.819 -0.722
0.425 2.683 9.491 8.190 0.270 0.010 0.845 -0.715
0.453 2.779 9.580 8.891 0.271 0.010 0.872 -0.708
0.481 2.876 9.677 9.688 0.272 0.010 0.900 -0.700
0.511 2.974 9.783 10.600 0.274 0.010 0.928 -0.692
0.542 3.073 9.899 11.647 0.275 0.010 0.958 -0.684
0.574 3.173 10.028 12.851 0.277 0.010 0.988 -0.675
0.606 3.275 10.170 14.248 0.279 0.010 1.020 -0.666
0.640 3.378 10.329 15.867 0.280 0.010 1.052 -0.657
0.675 3.483 10.506 17.759 0.283 0.010 1.086 -0.647
0.711 3.590 10.706 19.979 0.285 0.010 1.120 -0.637
0.748 3.699 10.932 22.594 0.288 0.010 1.156 -0.627
0.786 3.811 11.189 25.694 0.290 0.010 1.192 -0.616
0.825 3.926 11.483 29.393 0.294 0.010 1.230 -0.604
0.866 4.044 11.821 33.827 0.297 0.010 1.269 -0.593
0.907 4.166 12.213 39.188 0.301 0.010 1.308 -0.580
0.950 4.293 12.670 45.714 0.305 0.010 1.349 -0.568
0.995 4.425 13.207 53.724 0.310 0.010 1.391 -0.554
1.040 4.564 13.844 63.648 0.315 0.010 1.435 -0.540
1.087 4.710 14.605 76.060 0.321 0.010 1.480 -0.525
1.136 4.865 15.522 91.761 0.327 0.010 1.526 -0.510
1.186 5.031 16.641 111.860 0.334 0.010 1.573 -0.494
1.238 5.211 18.020 137.937 0.342 0.010 1.623 -0.476
1.292 5.409 19.743 172.288 0.352 0.010 1.673 -0.458
1.349 5.628 21.926 218.293 0.362 0.010 1.726 -0.438
1.407 5.876 24.737 281.095 0.374 0.010 1.781 -0.417
1.469 6.160 28.424 368.690 0.388 0.010 1.838 -0.394
1.534 6.493 33.363 493.898 0.404 0.010 1.898 -0.369
1.603 6.895 40.143 678.001 0.423 0.010 1.961 -0.342
1.677 7.392 49.720 957.718 0.446 0.010 2.028 -0.310
1.757 8.029 63.712 1399.225 0.474 0.010 2.100 -0.275
1.846 8.879 84.992 2128.008 0.510 0.010 2.178 -0.233
1.947 10.069 118.948 3395.522 0.556 0.010 2.265 -0.182
2.065 11.832 176.308 5736.025 0.617 0.010 2.364 -0.116
2.211 14.629 279.701 10339.286 0.705 0.010 2.479 -0.027
2.405 19.406 477.698 19799.692 0.836 0.010 2.619 0.108
2.685 27.951 854.519 37682.122 1.048 0.010 2.784 0.334
3.098 41.283 1333.247 47872.859 1.385 0.010 2.928 0.721
3.594 49.605 832.202 -50104.508 1.802 0.010 2.916 1.217
4.000 40.594 -901.078 -173328.000 2.131 0.010 2.759 1.591
4.276 27.669 -1292.585 -39150.693 2.337 0.010 2.589 1.809
4.472 19.614 -805.440 48714.469 2.465 0.010 2.444 1.941
4.624 15.177 -443.739 36170.131 2.551 0.010 2.321 2.031
4.751 12.631 -254.615 18912.365 2.612 0.010 2.214 2.098
4.861 11.076 -155.468 9914.714 2.658 0.010 2.117 2.152
4.962 10.074 -100.185 5528.265 2.694 0.010 2.027 2.197
5.056 9.401 -67.311 3287.426 2.722 0.010 1.942 2.236
5.145 8.935 -46.632 2067.902 2.745 0.010 1.860 2.272
5.231 8.605 -32.997 1363.497 2.765 0.010 1.780 2.304
5.315 8.368 -23.648 934.930 2.781 0.010 1.702 2.334
5.397 8.198 -17.025 662.305 2.795 0.010 1.625 2.362
5.478 8.076 -12.203 482.124 2.807 0.010 1.549 2.389
5.558 7.990 -8.613 359.035 2.817 0.010 1.473 2.415
5.637 7.931 -5.888 272.480 2.826 0.010 1.398 2.440
5.716 7.893 -3.788 210.027 2.834 0.010 1.323 2.464
5.795 7.872 -2.149 163.898 2.841 0.010 1.248 2.488
5.873 7.863 -0.858 129.083 2.847 0.010 1.173 2.511
5.952 7.865 0.164 102.252 2.852 0.010 1.097 2.534
6.031 7.874 0.976 81.144 2.857 0.010 1.022 2.556
6.110 7.891 1.618 64.180 2.861 0.010 0.946 2.578
6.189 7.912 2.120 50.233 2.864 0.010 0.870 2.600
6.268 7.937 2.505 38.472 2.867 0.010 0.794 2.621
6.348 7.965 2.787 28.270 2.869 0.010 0.717 2.643
6.428 7.995 2.979 19.127 2.871 0.010 0.640 2.664
6.508 8.025 3.085 10.632 2.872 0.010 0.563 2.686
6.589 8.056 3.109 2.419 2.873 0.010 0.485 2.707
6.669 8.087 3.051 -5.859 2.873 0.010 0.407 2.729
6.751 8.116 2.905 -14.565 2.872 0.010 0.329 2.750
6.832 8.143 2.664 -24.101 2.871 0.010 0.250 2.772
6.914 8.166 2.314 -34.952 2.870 0.010 0.172 2.794
6.996 8.184 1.837 -47.738 2.868 0.010 0.093 2.816
7.077 8.196 1.204 -63.281 2.865 0.010 0.014 2.838
7.159 8.200 0.377 -82.718 2.861 0.010 -0.065 2.860
7.241 8.193 -0.700 -107.679 2.857 0.010 -0.144 2.883
7.323 8.172 -2.105 -140.558 2.852 0.010 -0.222 2.906
7.404 8.132 -3.955 -184.986 2.845 0.010 -0.300 2.930
7.485 8.068 -6.422 -246.645 2.837 0.010 -0.377 2.954
7.565 7.970 -9.769 -334.732 2.827 0.010 -0.453 2.978
7.643 7.826 -14.416 -464.729 2.816 0.010 -0.527 3.003
7.719 7.616 -21.055 -663.890 2.801 0.010 -0.599 3.028
7.792 7.307 -30.883 -982.794 2.783 0.010 -0.668 3.053
7.861 6.846 -46.098 -1521.479 2.759 0.010 -0.732 3.077
7.922 6.136 -71.035 -2493.700 2.728 0.010 -0.788 3.101
7.972 4.985 -115.059 -4402.433 2.686 0.010 -0.834 3.122
8.002 2.976 -200.902 -8584.284 2.623 0.010 -0.860 3.136
8.011 0.952 -202.385 -148.242 2.523 0.010 -0.852 3.130
8.111 10.006 905.406 110779.046 2.337 0.010 -0.777 3.064
8.452 34.041 2403.472 149806.645 1.922 0.010 -0.599 2.774
9.079 62.750 2870.924 46745.181 1.226 0.010 -0.597 2.146
9.428 34.880 -2787.051 -565797.487 0.801 0.010 -0.779 1.849
9.529 10.132 -2474.790 31226.093 0.610 0.010 -0.855 1.782
9.536 0.686 -944.588 153020.131 0.508 0.010 -0.861 1.778
9.571 3.495 280.927 122551.529 0.444 0.010 -0.830 1.794
9.628 5.713 221.784 -5914.321 0.401 0.010 -0.778 1.817
9.699 7.057 134.360 -8742.365 0.369 0.010 -0.712 1.844
9.778 7.953 89.688 -4467.179 0.345 0.010 -0.638 1.872
9.864 8.598 64.487 -2520.148 0.326 0.010 -0.556 1.900
9.955 9.090 49.197 -1528.980 0.311 0.010 -0.470 1.928
10.050 9.484 39.408 -978.865 0.299 0.010 -0.380 1.957
10.148 9.813 32.894 -651.427 0.289 0.010 -0.286 1.985
10.249 10.098 28.449 -444.489 0.281 0.010 -0.189 2.013
10.353 10.352 25.387 -306.210 0.274 0.010 -0.089 2.042
10.459 10.585 23.304 -208.342 0.270 0.010 0.013 2.070
10.567 10.804 21.960 -134.343 0.266 0.010 0.117 2.099
10.677 11.017 21.224 -73.651 0.263 0.010 0.223 2.128
10.789 11.224 20.791 -43.290 0.262 0.010 0.332 2.157
10.912 12.272 104.753 8396.270 0.270 0.010 0.450 2.189
11.111 19.924 765.185 66043.108 0.349 0.010 0.640 2.249
11.404 29.309 938.476 17329.119 0.516 0.010 0.907 2.371
11.783 37.939 863.055 -7542.068 0.765 0.010 1.211 2.597
12.179 39.591 165.213 -69784.210 1.028 0.010 1.458 2.906
12.506 32.688 -690.289 -85550.206 1.226 0.010 1.598 3.202
12.745 23.890 -879.820 -18953.136 1.340 0.010 1.665 3.431
12.911 16.615 -727.557 15226.354 1.385 0.010 1.699 3.594
13.015 10.332 -628.303 9925.382 1.370 0.010 1.718 3.695
13.051 3.611 -672.024 -4372.116 1.292 0.010 1.726 3.731
13.099 4.805 119.377 79140.156 1.134 0.010 1.708 3.686
13.238 13.900 909.440 79006.296 0.891 0.010 1.634 3.568
13.409 17.072 317.276 -59216.474 0.617 0.010 1.510 3.451
13.513 10.450 -662.229 -97950.498 0.405 0.010 1.419 3.400
13.517 0.394 -1005.636 -34340.650 0.289 0.010 1.416 3.397
15.643 212.571 21217.735 2222337.138 3.402 0.010 0.898 5.459
15.728 8.503 -20406.780 -4162451.532 3.369 0.010 0.815 5.438
15.745 1.690 -681.270 1972551.010 3.272 0.010 0.799 5.434
15.922 17.764 1607.373 228864.289 2.991 0.010 0.976 5.429
16.737 81.506 6374.129 476675.563 2.085 0.010 1.644 4.961
17.253 51.540 -2996.584 -937071.267 1.480 0.010 1.760 4.459
17.317 6.459 -4508.041 -151145.659 1.306 0.010 1.750 4.395
17.369 5.177 -128.212 437982.808 1.242 0.010 1.766 4.444
17.471 10.151 497.426 62563.827 1.224 0.010 1.800 4.540
17.609 13.882 373.065 -12436.086 1.242 0.010 1.846 4.671
17.798 18.877 499.531 12646.586 1.307 0.010 1.902 4.851
18.104 30.598 1172.072 67254.157 1.482 0.010 1.957 5.152
18.862 75.798 4519.981 334790.825 2.094 0.010 1.801 5.894
19.903 104.130 2833.211 -168676.924 2.996 0.010 0.936 6.473
20.317 41.367 -6276.299 -910951.023 3.273 0.010 0.522 6.473
20.539 22.217 -1915.004 436129.478 3.370 0.010 0.304 6.432
20.694 15.452 -676.450 123855.430 3.402 0.010 0.154 6.394
22.820 212.588 19713.524 2038997.396 0.262 0.010 0.763 4.357
22.939 11.952 -20063.527 -3977705.153 0.261 0.010 0.879 4.388
23.058 11.915 -3.705 2005982.260 0.260 0.010 0.994 4.419
23.177 11.879 -3.666 3.919 0.259 0.010 1.109 4.449
23.296 11.842 -3.644 2.184 0.258 0.010 1.223 4.480
23.414 11.806 -3.639 0.515 0.256 0.010 1.337 4.510
23.531 11.769 -3.650 -1.110 0.254 0.010 1.451 4.539
23.649 11.733 -3.677 -2.707 0.251 0.010 1.565 4.569
23.766 11.695 -3.720 -4.298 0.248 0.010 1.678 4.598
23.882 11.658 -3.779 -5.894 0.245 0.010 1.791 4.626
23.998 11.619 -3.854 -7.519 0.242 0.010 1.904 4.654
24.114 11.580 -3.946 -9.182 0.238 0.010 2.016 4.682
24.230 11.539 -4.055 -10.903 0.233 0.010 2.129 4.709
24.345 11.497 -4.182 -12.699 0.229 0.010 2.240 4.735
24.459 11.454 -4.328 -14.587 0.223 0.010 2.352 4.761
24.573 11.409 -4.493 -16.581 0.218 0.010 2.463 4.786
24.687 11.362 -4.680 -18.710 0.212 0.010 2.574 4.810
24.800 11.313 -4.890 -20.982 0.205 0.010 2.685 4.833
24.913 11.262 -5.125 -23.424 0.199 0.010 2.795 4.856
25.025 11.208 -5.385 -26.064 0.191 0.010 2.905 4.878
25.136 11.152 -5.674 -28.914 0.183 0.010 3.015 4.898
25.247 11.092 -5.994 -32.012 0.175 0.010 3.124 4.918
25.357 11.028 -6.348 -35.377 0.165 0.010 3.233 4.937
25.467 10.961 -6.739 -39.041 0.156 0.010 3.341 4.954
25.576 10.889 -7.169 -43.026 0.145 0.010 3.449 4.971
25.684 10.813 -7.643 -47.365 0.134 0.010 3.556 4.986
25.791 10.731 -8.163 -52.083 0.122 0.010 3.662 4.999
25.898 10.644 -8.735 -57.193 0.109 0.010 3.768 5.012
26.003 10.550 -9.362 -62.717 0.096 0.010 3.873 5.022
26.108 10.450 -10.049 -68.648 0.081 0.010 3.977 5.032
26.211 10.342 -10.799 -74.976 0.065 0.010 4.080 5.039
26.313 10.225 -11.615 -81.651 0.049 0.010 4.182 5.045
26.414 10.100 -12.501 -88.594 0.031 0.010 4.283 5.049
26.514 9.966 -13.458 -95.676 0.012 0.010 4.383 5.051
26.612 9.821 -14.485 -102.681 6.274 0.010 4.481 5.051
26.709 9.665 -15.578 -109.322 6.252 0.010 4.578 5.049
26.804 9.498 -16.730 -115.162 6.229 0.010 4.672 5.045
26.897 9.319 -17.926 -119.636 6.204 0.010 4.765 5.039
26.988 9.127 -19.145 -121.956 6.177 0.010 4.856 5.031
27.078 8.924 -20.357 -121.139 6.148 0.010 4.945 5.020
27.165 8.708 -21.516 -115.942 6.117 0.010 5.031 5.007
27.249 8.483 -22.565 -104.896 6.084 0.010 5.114 4.991
27.332 8.248 -23.429 -86.359 6.048 0.010 5.195 4.974
27.412 8.008 -24.015 -58.630 6.011 0.010 5.272 4.954
27.490 7.766 -24.217 -20.213 5.971 0.010 5.347 4.931
27.565 7.527 -23.919 29.865 5.929 0.010 5.418 4.907
27.638 7.297 -23.003 91.577 5.884 0.010 5.486 4.880
27.709 7.083 -21.369 163.407 5.838 0.010 5.550 4.851
27.778 6.894 -18.949 241.940 5.790 0.010 5.612 4.820
27.845 6.736 -15.732 321.730 5.741 0.010 5.671 4.786
27.911 6.619 -11.776 395.636 5.690 0.010 5.726 4.751
27.977 6.547 -7.218 455.742 5.639 0.010 5.780 4.713
28.042 6.524 -2.271 494.753 5.587 0.010 5.831 4.672
28.108 6.552 2.805 507.542 5.536 0.010 5.880 4.629
28.174 6.629 7.728 492.356 5.485 0.010 5.927 4.583
28.241 6.752 12.241 451.257 5.436 0.010 5.973 4.533
28.310 6.913 16.137 389.604 5.388 0.010 6.018 4.480
28.381 7.106 19.285 314.806 5.342 0.010 6.061 4.424
28.455 7.322 21.633 234.769 5.298 0.010 6.103 4.364
28.530 7.554 23.198 156.521 5.256 0.010 6.143 4.300
28.608 7.795 24.051 85.348 5.217 0.010 6.182 4.232
28.689 8.038 24.296 24.507 5.179 0.010 6.220 4.161
28.771 8.278 24.050 -24.636 5.144 0.010 6.256 4.087
28.856 8.512 23.428 -62.153 5.111 0.010 6.290 4.009
28.944 8.738 22.538 -89.075 5.081 0.010 6.323 3.928
29.033 8.952 21.468 -106.939 5.052 0.010 6.354 3.844
29.125 9.155 20.294 -117.440 5.025 0.010 6.383 3.757
29.218 9.346 19.072 -122.221 5.000 0.010 6.411 3.668
29.314 9.524 17.844 -122.732 4.977 0.010 6.437 3.576
29.411 9.691 16.642 -120.196 4.955 0.010 6.461 3.482
29.509 9.846 15.487 -115.583 4.935 0.010 6.484 3.387
29.609 9.990 14.390 -109.659 4.916 0.010 6.505 3.289
29.710 10.123 13.360 -102.981 4.898 0.010 6.524 3.190
29.813 10.247 12.400 -95.972 4.882 0.010 6.542 3.089
29.916 10.362 11.511 -88.913 4.867 0.010 6.559 2.987
30.021 10.469 10.691 -82.013 4.852 0.010 6.574 2.883
30.127 10.569 9.937 -75.394 4.839 0.010 6.588 2.778
30.233 10.661 9.246 -69.138 4.826 0.010 6.601 2.672
30.341 10.747 8.613 -63.282 4.814 0.010 6.613 2.565
30.449 10.828 8.035 -57.850 4.803 0.010 6.623 2.458
30.558 10.903 7.506 -52.829 4.793 0.010 6.632 2.349
30.668 10.973 7.024 -48.219 4.783 0.010 6.641 2.240
30.778 11.039 6.584 -43.987 4.774 0.010 6.648 2.130
30.889 11.101 6.183 -40.119 4.766 0.010 6.654 2.019
31.001 11.159 5.817 -36.583 4.758 0.010 6.660 1.907
31.113 11.214 5.484 -33.353 4.750 0.010 6.665 1.795
31.226 11.265 5.180 -30.405 4.743 0.010 6.668 1.683
31.339 11.314 4.903 -27.710 4.737 0.010 6.672 1.570
31.452 11.361 4.650 -25.249 4.731 0.010 6.674 1.456
31.566 11.405 4.420 -22.995 4.725 0.010 6.676 1.342
31.681 11.447 4.211 -20.929 4.720 0.010 6.677 1.227
31.796 11.487 4.020 -19.034 4.715 0.010 6.678 1.113
31.911 11.526 3.848 -17.288 4.711 0.010 6.678 0.997
32.027 11.563 3.691 -15.680 4.707 0.010 6.677 0.882
32.143 11.598 3.549 -14.194 4.703 0.010 6.676 0.766
32.259 11.633 3.421 -12.815 4.700 0.010 6.675 0.649
32.376 11.666 3.305 -11.534 4.696 0.010 6.673 0.533
32.492 11.698 3.202 -10.338 4.694 0.010 6.671 0.416
32.610 11.729 3.110 -9.218 4.691 0.010 6.669 0.299
32.727 11.759 3.028 -8.164 4.689 0.010 6.666 0.181
32.845 11.789 2.956 -7.170 4.687 0.010 6.664 0.063
32.963 11.817 2.894 -6.225 4.685 0.010 6.660 -0.055
33.082 11.846 2.841 -5.325 4.684 0.010 6.657 -0.173
33.201 11.874 2.796 -4.460 4.682 0.010 6.654 -0.292
33.320 11.901 2.760 -3.627 4.681 0.010 6.650 -0.411
33.439 11.929 2.732 -2.819 4.681 0.010 6.646 -0.530
33.558 11.956 2.712 -2.029 4.680 0.010 6.642 -0.650
33.678 11.983 2.699 -1.254 4.680 0.010 6.639 -0.770
33.798 12.010 2.694 -0.486 4.680 0.010 6.635 -0.890
33.919 12.037 2.697 0.278 4.681 0.010 6.631 -1.010
34.039 12.064 2.707 1.043 4.681 0.010 6.627 -1.131
34.160 12.091 2.726 1.816 4.682 0.010 6.623 -1.251
34.282 12.119 2.752 2.601 4.683 0.010 6.620 -1.372
34.403 12.146 2.786 3.404 4.685 0.010 6.616 -1.494
34.525 12.175 2.828 4.230 4.686 0.010 6.613 -1.616
34.647 12.204 2.879 5.085 4.688 0.010 6.610 -1.738
34.769 12.233 2.939 5.975 4.690 0.010 6.607 -1.860
34.892 12.263 3.008 6.907 4.693 0.010 6.605 -1.983
35.015 12.294 3.086 7.887 4.696 0.010 6.602 -2.105
35.138 12.326 3.176 8.924 4.699 0.010 6.600 -2.229
35.261 12.358 3.276 10.025 4.702 0.010 6.599 -2.352
35.385 12.392 3.388 11.198 4.706 0.010 6.598 -2.476
35.510 12.427 3.513 12.456 4.710 0.010 6.597 -2.600
35.634 12.464 3.651 13.806 4.714 0.010 6.597 -2.725
35.759 12.502 3.803 15.262 4.719 0.010 6.598 -2.850
35.885 12.542 3.972 16.834 4.724 0.010 6.599 -2.975
36.011 12.583 4.157 18.541 4.729 0.010 6.601 -3.101
36.137 12.627 4.361 20.394 4.735 0.010 6.603 -3.228
36.264 12.673 4.585 22.410 4.742 0.010 6.607 -3.354
36.391 12.721 4.831 24.610 4.748 0.010 6.611 -3.481
36.519 12.772 5.101 27.014 4.756 0.010 6.616 -3.609
36.647 12.826 5.398 29.641 4.764 0.010 6.622 -3.737
36.776 12.883 5.723 32.516 4.772 0.010 6.629 -3.866
36.905 12.944 6.079 35.666 4.781 0.010 6.637 -3.995
37.035 13.009 6.471 39.114 4.790 0.010 6.647 -4.125
37.166 13.078 6.900 42.890 4.800 0.010 6.657 -4.255
37.297 13.151 7.370 47.013 4.811 0.010 6.670 -4.386
37.430 13.228 7.619 24.936 4.823 0.010 6.684 -4.518
37.563 13.304 7.634 1.468 4.835 0.010 6.699 -4.650
37.697 13.381 7.676 4.263 4.848 0.010 6.716 -4.782
37.831 13.458 7.757 8.072 4.862 0.010 6.735 -4.916
37.967 13.537 7.876 11.940 4.877 0.010 6.757 -5.049
38.103 13.617 8.034 15.781 4.894 0.010 6.780 -5.183
38.240 13.700 8.229 19.473 4.911 0.010 6.806 -5.318
38.378 13.784 8.458 22.855 4.929 0.010 6.834 -5.453
38.516 13.871 8.715 25.707 4.948 0.010 6.865 -5.588
38.656 13.961 8.992 27.750 4.969 0.010 6.899 -5.723
38.796 14.054 9.278 28.628 4.991 0.010 6.937 -5.859
38.938 14.150 9.557 27.901 5.015 0.010 6.977 -5.994
39.080 14.248 9.808 25.041 5.040 0.010 7.021 -6.130
39.224 14.348 10.002 19.430 5.067 0.010 7.069 -6.265
39.368 14.449 10.106 10.385 5.095 0.010 7.121 -6.400
39.514 14.550 10.078 -2.818 5.125 0.010 7.178 -6.534
39.660 14.648 9.869 -20.868 5.157 0.010 7.238 -6.667
39.808 14.746 9.744 -12.484 5.190 0.010 7.304 -6.799
39.956 14.843 9.679 -6.498 5.225 0.010 7.375 -6.930
40.106 14.936 9.312 -36.724 5.262 0.010 7.450 -7.059
40.256 15.021 8.578 -73.437 5.300 0.010 7.531 -7.185
40.407 15.096 7.431 -114.685 5.340 0.010 7.617 -7.309
40.558 15.154 5.842 -158.853 5.381 0.010 7.709 -7.430
40.710 15.192 3.807 -203.568 5.424 0.010 7.805 -7.547
40.862 15.206 1.348 -245.856 5.467 0.010 7.907 -7.660
41.014 15.191 -1.476 -282.386 5.511 0.010 8.014 -7.769
41.166 15.145 -4.575 -309.922 5.555 0.010 8.124 -7.872
41.316 15.067 -7.833 -325.796 5.600 0.010 8.239 -7.970
41.466 14.956 -11.117 -328.389 5.644 0.010 8.357 -8.062
41.614 14.813 -14.291 -317.413 5.687 0.010 8.478 -8.147
41.760 14.640 -17.231 -293.976 5.730 0.010 8.601 -8.227
41.905 14.442 -19.834 -260.370 5.772 0.010 8.725 -8.300
42.047 14.222 -22.031 -219.672 5.812 0.010 8.851 -8.367
42.187 13.984 -23.784 -175.237 5.851 0.010 8.976 -8.428
42.324 13.733 -25.086 -130.240 5.888 0.010 9.102 -8.484
42.459 13.474 -25.959 -87.323 5.924 0.010 9.227 -8.533
42.591 13.209 -26.443 -48.421 5.958 0.010 9.352 -8.578
42.720 12.943 -26.591 -14.721 5.990 0.010 9.475 -8.617
42.847 12.679 -26.458 13.267 6.021 0.010 9.597 -8.652
42.971 12.418 -26.102 35.553 6.050 0.010 9.717 -8.682
43.093 12.162 -25.577 52.516 6.077 0.010 9.836 -8.709
43.212 11.913 -24.930 64.757 6.103 0.010 9.953 -8.731
43.329 11.671 -24.200 72.989 6.127 0.010 10.068 -8.751
43.443 11.436 -23.421 77.911 6.150 0.010 10.181 -8.767
43.555 11.210 -22.619 80.216 6.172 0.010 10.293 -8.781
43.665 10.992 -21.814 80.489 6.192 0.010 10.402 -8.792
43.773 10.782 -21.021 79.251 6.211 0.010 10.509 -8.801
43.879 10.579 -20.252 76.926 6.229 0.010 10.615 -8.807
43.983 10.384 -19.513 73.852 6.246 0.010 10.719 -8.812
44.085 10.196 -18.810 70.300 6.262 0.010 10.821 -8.815
44.185 10.015 -18.146 66.475 6.277 0.010 10.921 -8.816
44.283 9.839 -17.520 62.532 0.008 0.010 11.019 -8.816
44.380 9.670 -16.934 58.589 0.022 0.010 11.116 -8.815
44.475 9.506 -16.387 54.718 0.035 0.010 11.211 -8.812
44.568 9.347 -15.877 50.987 0.047 0.010 11.304 -8.808
44.660 9.193 -15.403 47.423 0.058 0.010 11.396 -8.804
44.751 9.044 -14.963 44.050 0.069 0.010 11.486 -8.798
44.840 8.898 -14.554 40.884 0.079 0.010 11.575 -8.791
44.927 8.756 -14.175 37.921 0.088 0.010 11.662 -8.784
45.014 8.618 -13.823 35.164 0.098 0.010 11.748 -8.776
45.098 8.483 -13.497 32.608 0.106 0.010 11.833 -8.767
45.182 8.351 -13.194 30.241 0.114 0.010 11.916 -8.758
45.264 8.222 -12.914 28.051 0.122 0.010 11.997 -8.748
45.345 8.096 -12.654 26.038 0.129 0.010 12.078 -8.738
45.425 7.972 -12.412 24.174 0.136 0.010 12.157 -8.728
45.503 7.850 -12.187 22.466 0.143 0.010 12.234 -8.717
45.581 7.730 -11.978 20.887 0.149 0.010 12.311 -8.705
45.657 7.612 -11.784 19.436 0.155 0.010 12.386 -8.694
45.732 7.496 -11.603 18.104 0.161 0.010 12.460 -8.682
45.805 7.382 -11.434 16.872 0.167 0.010 12.533 -8.670
45.878 7.269 -11.277 15.745 0.172 0.010 12.604 -8.658
45.950 7.158 -11.130 14.701 0.177 0.010 12.675 -8.645
46.020 7.048 -10.992 13.743 0.181 0.010 12.744 -8.633
46.090 6.939 -10.864 12.859 0.186 0.010 12.813 -8.620
46.158 6.832 -10.743 12.044 0.190 0.010 12.880 -8.607
46.225 6.725 -10.630 11.293 0.194 0.010 12.946 -8.595
46.291 6.620 -10.524 10.600 0.198 0.010 13.011 -8.582
46.356 6.516 -10.425 9.958 0.201 0.010 13.074 -8.569
46.421 6.412 -10.331 9.367 0.205 0.010 13.137 -8.556
46.484 6.310 -10.243 8.820 0.208 0.010 13.199 -8.543
46.546 6.208 -10.160 8.312 0.211 0.010 13.260 -8.530
46.607 6.108 -10.081 7.844 0.214 0.010 13.319 -8.517
46.667 6.008 -10.007 7.410 0.217 0.010 13.378 -8.504
46.726 5.908 -9.937 7.006 0.220 0.010 13.436 -8.491
46.784 5.809 -9.871 6.633 0.222 0.010 13.493 -8.479
46.841 5.711 -9.808 6.283 0.225 0.010 13.548 -8.466
46.897 5.614 -9.748 5.965 0.227 0.010 13.603 -8.454
46.953 5.517 -9.692 5.662 0.229 0.010 13.657 -8.441
47.007 5.421 -9.638 5.384 0.231 0.010 13.709 -8.429
47.060 5.325 -9.587 5.124 0.233 0.010 13.761 -8.416
47.112 5.229 -9.538 4.882 0.235 0.010 13.812 -8.404
47.164 5.134 -9.491 4.656 0.237 0.010 13.862 -8.392
47.214 5.040 -9.447 4.447 0.239 0.010 13.911 -8.380
47.264 4.946 -9.404 4.250 0.240 0.010 13.959 -8.369
47.312 4.852 -9.364 4.066 0.242 0.010 14.006 -8.357
47.360 4.759 -9.325 3.894 0.243 0.010 14.052 -8.346
47.406 4.666 -9.287 3.733 0.244 0.010 14.098 -8.334
47.452 4.574 -9.252 3.581 0.246 0.010 14.142 -8.323
47.497 4.482 -9.217 3.442 0.247 0.010 14.186 -8.312
47.541 4.390 -9.184 3.306 0.248 0.010 14.228 -8.302
47.584 4.298 -9.152 3.182 0.249 0.010 14.270 -8.291
47.626 4.207 -9.122 3.064 0.250 0.010 14.311 -8.281
47.667 4.116 -9.092 2.954 0.251 0.010 14.350 -8.270
47.707 4.025 -9.064 2.847 0.252 0.010 14.389 -8.260
47.747 3.935 -9.036 2.749 0.253 0.010 14.427 -8.251
47.785 3.845 -9.010 2.656 0.253 0.010 14.465 -8.241
47.823 3.755 -8.984 2.566 0.254 0.010 14.501 -8.232
47.859 3.666 -8.959 2.482 0.255 0.010 14.537 -8.222
47.895 3.576 -8.935 2.400 0.255 0.010 14.571 -8.213
47.930 3.487 -8.912 2.324 0.256 0.010 14.605 -8.204
47.964 3.398 -8.889 2.250 0.257 0.010 14.638 -8.196
47.997 3.309 -8.868 2.180 0.257 0.010 14.670 -8.187
48.029 3.221 -8.846 2.112 0.258 0.010 14.701 -8.179
48.060 3.133 -8.826 2.046 0.258 0.010 14.731 -8.171
48.091 3.045 -8.806 1.982 0.258 0.010 14.761 -8.163
48.120 2.957 -8.787 1.922 0.259 0.010 14.789 -8.156
48.149 2.869 -8.768 1.863 0.259 0.010 14.817 -8.149
48.177 2.782 -8.750 1.804 0.259 0.010 14.844 -8.141
48.204 2.694 -8.733 1.748 0.260 0.010 14.870 -8.135
48.230 2.607 -8.716 1.692 0.260 0.010 14.895 -8.128
48.255 2.520 -8.699 1.638 0.260 0.010 14.919 -8.121
48.280 2.433 -8.684 1.584 0.260 0.010 14.943 -8.115
48.303 2.347 -8.668 1.531 0.261 0.010 14.966 -8.109
48.326 2.260 -8.653 1.479 0.261 0.010 14.987 -8.103
48.347 2.174 -8.639 1.427 0.261 0.010 15.008 -8.098
48.368 2.087 -8.625 1.376 0.261 0.010 15.029 -8.092
48.388 2.001 -8.612 1.324 0.261 0.010 15.048 -8.087
48.407 1.915 -8.600 1.273 0.261 0.010 15.066 -8.082
48.426 1.829 -8.587 1.221 0.261 0.010 15.084 -8.077
48.443 1.744 -8.576 1.170 0.261 0.010 15.101 -8.073
48.460 1.658 -8.564 1.119 0.261 0.010 15.117 -8.069
48.475 1.573 -8.554 1.067 0.262 0.010 15.132 -8.065
48.490 1.487 -8.544 1.015 0.262 0.010 15.147 -8.061
48.504 1.402 -8.534 0.963 0.262 0.010 15.160 -8.057
48.517 1.317 -8.525 0.911 0.262 0.010 15.173 -8.054
48.530 1.231 -8.516 0.858 0.262 0.010 15.185 -8.050
48.541 1.146 -8.508 0.805 0.262 0.010 15.196 -8.048
48.552 1.061 -8.501 0.752 0.262 0.010 15.206 -8.045
48.562 0.976 -8.494 0.698 0.262 0.010 15.215 -8.042
48.571 0.891 -8.487 0.644 0.262 0.010 15.224 -8.040
48.579 0.807 -8.481 0.589 0.262 0.010 15.232 -8.038
48.586 0.722 -8.476 0.535 0.262 0.010 15.239 -8.036
48.592 0.640 -8.231 24.537 0.262 0.010 15.245 -8.034
48.598 0.562 -7.737 49.339 0.262 0.010 15.250 -8.033
48.603 0.490 -7.236 50.079 0.262 0.010 15.255 -8.032
48.607 0.422 -6.736 50.011 0.262 0.010 15.259 -8.031
48.611 0.360 -6.237 49.952 0.262 0.010 15.263 -8.030
48.614 0.303 -5.738 49.900 0.262 0.010 15.266 -8.029
48.616 0.250 -5.239 49.857 0.262 0.010 15.268 -8.028
48.618 0.203 -4.741 49.821 0.262 0.010 15.270 -8.028
48.620 0.160 -4.243 49.791 0.262 0.010 15.272 -8.027
48.621 0.123 -3.745 49.767 0.262 0.010 15.273 -8.027
48.622 0.091 -3.248 49.748 0.262 0.010 15.274 -8.027
48.622 0.063 -2.751 49.734 0.262 0.010 15.274 -8.026
48.623 0.041 -2.253 49.724 0.262 0.010 15.275 -8.026
48.623 0.023 -1.756 49.717 0.262 0.010 15.275 -8.026
48.623 0.010 -1.259 49.713 0.262 0.010 15.275 -8.026
48.623 0.003 -0.762 49.711 0.262 0.010 15.275 -8.026
48.623 0.000 -0.265 49.710 0.262 0.010 15.275 -8.026
48.623 0.000 -0.008 25.672 0.262 0.010 15.275 -8.026
